== Beginning ==
11111111111111111111
00100000000000000001
00100000000000000001
00100000000000000001
00100000000000000001
00100000000000000001
00100000000000000001
00100000000000000001
00100000000000000001
00100000000000000001
00100000000000000001
00100000000000000001
00100000000000000001
00100000000000000001
00100000000000000001
00100000000000000001
00100000000000000001
00100000000000000001
00100000000000000001
00100000000000000001
00100000000000000001
00100000000000000001
00100000000000000001
11111111111111111111
